Parsing=0.00728
Instantiation=0.00865
Fluent_Copying=0.000751
Init_And_Goal_Copying=2.3e-05
Operators_Copying=0.00202
