Parsing=0.000763
Instantiation=0.00372
Fluent_Copying=0.000494
Init_And_Goal_Copying=8e-06
Operators_Copying=0.00088
