Parsing=0.000703
Instantiation=0.00367
Fluent_Copying=0.000417
Init_And_Goal_Copying=7e-06
Operators_Copying=0.000753
