Parsing=0.000651
Instantiation=0.00365
Fluent_Copying=0.000454
Init_And_Goal_Copying=9e-06
Operators_Copying=0.000783
